74268691
290865214
885016652659732480
131940704
307741026
183648843
2185478813
404177581
2920465114
3197715205
2784969596
18793434
599344096
2928985214
782359597029941249
765458307905564672
2254226658
735900095728623616
84591933
227722595
324715972
898188800
1131984451746058240
706214840004694017
895749219448889344
896247041533333504
924672404596641793
921913250
48285720
2407876639
3132835898
304072838
2203797775
427870552
804866424
1305659918
849758317362761729
1222621796991717377
84593513
736266471102255105
2890189815
1660079132
936314760370335744
53955867
1289211248
28233235
3239530086
951596865384075266
3229175468
35770041
1910066965
2942128056
1938608077
247156725
165433511
1196162954934267904
600363444
302993859
2227818969
121590575
798726998809931776
726015576707985408
4900574162
1942934516
137679927
2869810306
3094828182
479089864
1109230235214585856
1080595436233203719
908383590
424859006
1188497690306334720
393663946
113399247
3260634642
1021514588590886912
23058035
251385548
1671649454
1161503612176142337
2364987710
2698434986
948596986302910464
2784680885
432856118
578280551
135257194
2639780985
247487624
519134422
758495413431394304
1149900320581050368
223599889
3160104321
1315331712
2393464490
566845153
89087869
794644195852042240
930864727617626112
1159876884760551425
952262714
182444165
3103645874
2536661216
3076186397
256631088
2263867871
2464965174
2200298053
251355893
365454362
769713451
2463917383
2767873455
380495293
2219992512
256763373
875709964425150465
28730932
3399771854
805267467421544448
24831978
1948608668
381282500
198240494
2770266533
370895309
758475154838081536
771087540954734592
2565892794
1002194447902404610
236219495
3988581673
918814780005089280
43544025
1406496235
861733386968219649
1449553495
1037954648
2241359485
1104473958
812950407194492928
2442358700
450359218
827883153444466688
2271703258
159248637
939994492261855232
2288939292
944267639223922688
2249716063
19001723
2349134268
776055384968757248
54719192
175207225
497513342
123597714
954889129
3918558203
1676964938
727258868212862977
785481430428061696
1512174816
581432545
790616209272078336
1093924136
4614911294
66483523
90600865
701565255877574657
1156924394859577345
217970206
1918989967
2314532539
3038017308
2332030748
382793561
321714151
1365899269
2173729054
2183821660
3314874727
18379058
974083305384574976
1081955912225603585
382302768
602372756
753381679264206848
581467103
1902738492
3294821464
1129571806715744258
1059680188231933952
180550844
632585642
1213660651
1434287760
2766569259
891813726
1002391142246346754
1129297530
245477991
913550503480582144
2927124284
1112918354774429701
527222043
790657976
249209028
1686920124
1036950513902923776
701204676
16591285
73339195
334859051
3409481728
331141639
1055215627
1145390878028128257
899001629629968384
2397973686
18610024
108497401
1010108796
765313020796874753
744995967666130944
112332514
455260342
4230696494
35362542
865214881
1156607521542590464
3452578812
710284709289271297
383771376
342135275
1700793212
2822931684
741373700
1398412350
332018737
994122246
176960594
251436956
1134917816
2940204624
2284216034
1098774085788565506
28929118
3167896394
1872916710
326193967
928405050296238082
3196364993
458703224
4323929778
2906468788
153057229
722589658991960065
103370610
895032051421765632
1614194756
3025993509
758313169
602567334
929495674789515265
1566834361
192746472
4691489112
3015427534
772283763246202881
1191203550715621376
4817851640
910304155893411840
144241294
4749347049
578670072
69072353
398738876
466439022
4491932120
1152833593
757740793083953152
2468061823
261068604
775118849460973569
435785251
2967090208
3283790377
539578062
1177174638222356481
1000586716367945728
833420778964152320
2777378392
3308798254
249871076
3771145454
1485167342
3405934877
2200438993
1833429428
324177723
3021872532
1133132043519430656
759449144750735361
2383259315
1053017090
318137785
2763133329
24951162
837301797375074304
3138178346
1416517626
1215924243617071104
1195884852706459648
153825891
1096043863205179392
1646959872
712073015610179585
3040781
1161306000835710976
1092140718905348096
1053192379
627833090
634996612
232464132
876959963163348992
782170009892257792
388637615
304944705
2361627146
1065158106420822016
1021725137522053121
258066295
1160756889530974208
1905444924
577861392
1068692547151622144
979397952
2535703894
455179104
383990454
1183448232610947083
839544505669943296
61509061
2983174916
2427965838
2917873508
4263120738
2238870900
373024220
2577740514
1190550625
1874161880
482589474
2304351772
870322202184384512
18603575
52510927
430230117
2688929048
1002327199716790273
424399004
3484044028
1853063707
298058047
520217759
1877109164
4383837494
555750936
1684530666
559621699
1093645392854634503
1146562344773914624
3196120833
712136332013932544
3530592616
59101472
3145826255
2194800848
1161370847342411781
1143257328424247296
442478089
703793352
2423180900
316086612
129044189
941673359443726336
190117388
595084984
276825629
2179174194
3395690201
323010848
755711678
2232883970
820992611393699840
63626848
3320729528
2940545881
822210454202126336
278707006
1138684900725469185
855961370944208897
29853549
227135793
1041500568
2183412781
898627225452298240
798649860664659968
3865840407
369551093
2147749462
1616304247
201024363
1317793520
1270055390
498355394
283514040
1232710399742504961
386347362
952773002353041409
1154359632
1413465768
2724769800
532616064
414840534
2374552590
426768917
1470198656
233669526
120280577
1696999303
2467314633
292958102
744696682265247744
21477292
394466705
913044442210344963
871592761203478529
45015736
1035512459275186178
3270456678
2337418351
1092877489
954598878
631458452
3241431676
1961624340
4163304912
201028646
740927560809361408
2992517039
32434247
606544724
461396055
1101885867684184064
810321565133000705
1970806548
223034688
719063099
323473449
975792390609846275
4869712247
110025485
3321040121
1611718693
2784757199
2893993235
545612452
805926724009623552
2938433165
636605534
743979385162698752
435402430
77050593
730929103713542144
3232786740
103781578
170161638
1116923343083659266
2232099456
356398783
123229500
3404454455
528206852
1016553789757804545
1157665392992632833
1132677847
919881008803205120
1120639087
819019458891157504
40081638
226399833
57979834
221216997
3454059073
2435601314
3151840786
354119247
1660966232
69134612
317710264
301844285
2437535299
711509612
478311994
2444694940
530017566
1053471157511487488
1096099178
245154378
3249632675
926430234
4795509029
556484563
744935600172609541
1043935801
3951955159
92696497
100641269
324702981
726814148
171822635
903648396296237058
986103559195447297
475408038
565708339
403715080
815590085475368964
754023614932881408
882751566960246784
2241590192
1018668013
967616944370106369
768929477057327104
893470839630426116
3022649674
3000115768
58400908
995041225760804864
480842836
1656469470
749557002
701192982666432512
1093951954546438144
232344008
51910595
228891396
2185470786
20562004
3342331306
3117203858
280824551
850417148438732804
448188025
1528608818
2675347458
1973151019
61275060
17517645
727219101802872832
2347752533
887393696534204417
469682704
514912217
81685290
1080332435051737088
2818934270
2989298360
265701182
2572138222
975745010095329280
3507302233
2491961652
867244945
443306557
445354951
631480167
1096958744
820740263555395585
2304374297
847736018
4837390089
473542973
539666885
1226461200
2917215769
565416136
2819736154
2457643316
1343554831
1162477907010134016
331782606
2985093907
700897961224511488
907042670
832396917409726464
1002601159784218624
795619644694560768
2730293506
3011606538
918641274500108288
2477509734
1352736889
1208764474515021824
1183830686454517761
338842550
99602147
3376141572
1578656886
768214394
14201199
812416821043150848
14985632
2332553696
750550771775733760
3404566895
1043971837
885329449771823108
349987848
4315231937
1330868550
1532483827
2424044262
42979036
870524234992304128
23519122
980603360796540928
600572841
580939862
313659884
177002451
795283814524260352
813521366553128963
1252299966
241299900
2383841883
3007424360
815586076492496896
830976485380984832
701853744531542016
1212776689
1522618788
775781463862157312
401232108
1156719981511548928
1159860193
710474878973927425
2192285196
3294670743
2844879936
1010986527332200451
2257131004
44962955
4710498334
717120506772787200
27459734
748988563295965190
1005573002732494848
1007321383
1188953660073619456
998761133992488961
235307360
1087552752228675586
3300917609
717619682
881023930353549312
1053721093
2731082255
2557575728
43385408
841070092234440704
2721907691
735944880011251712
748727531155566592
2572092642
333743343
815389745425416192
2708964736
2169111985
711781255273119746
899055833895587840
152340109
1516046052
884813339637010432
1006901130498936833
398362616
599853241
261032300
1162152342
970492434
603261471
2855832108
721092931461980160
912339411471233024
1496386472
436308922
2284293055
14814144
760966614028161025
88476786
234556605
605097175
760983373879926784
3102084349
616369515
312970664
2621141127
3161788039
2762673931
818277696971149312
951202632491720704
403017864
762148022050402304
737775846
135729458
1191943602265567232
279318877
2656604512
789580925604474880
768526110086672385
898157062512934912
865767978
757419262050902016
2728727170
71668464
743477977292365825
1707545384
112366416
2732364694
2945258418
718017570
248419387
1054544970
1263178873
2888078619
3441300854
705627576044138497
953047339731701760
235771472
919558491680985089
981243552
624268973
27694770
315496167
331192044
951309055406039042
448272227
236230561
1455003578
33396695
315430879
626759763
420550860
965023499327713281
269031828
803066120781594624
543627833
1215598722308067329
1392024211
822146333674971137
634985161
1236654866887565318
3953892132
4869987124
3399457701
2279644178
1018340869387227136
788787770764386304
939534134933729280
3046710423
155688211
2736332079
914602922922541056
565255624
3229261441
476421868
3126435602
1112590187694092288
886760447231356928
1015976944016519169
2833260471
803545056
4713914448
2759106712
190488776
264511717
20881656
1073896413464092674
1233565543837380608
1067727499885457408
742227861960937472
2515673572
26845880
1097269876060766209
2676728816
1034069089
1002636946143940608
3423478919
554804443
2332206397
157197655
2881398110
1100952730426847234
1006541139988578305
41133487
1029047944459112448
2812126689
1240278571
883342875098009602
398009978
3065325236
404137751
254617385
2371266362
280111036
352462782
1541973978
731530482295308288
921247819805032449
3322226721
1696639122
1194141205187190785
1434331362
422914295
2571217360
628074998
521906962
952806518
783337163412955136
1034689515548553216
1149385965942845440
307637677
2875600456
193081086
713444695234359297
1087079458262212608
2909647108
392409389
901286050412277760
879216492159610881
523612530
883536289
712880569
3138695627
1422209496
891817027622633472
3121099239
1167471133
3284087384
719030095529136128
1212590616313352193
739159125297221633
1698181788
3228316572
3087676330
1105900596236828672
2858824646
987436697653841920
2247439475
462566644
2944447777
22852956
772202193713758208
4137137633
283096581
2767762964
2955196011
1043937073
707246015
3193616336
1235193373130022912
1006291329930944513
50674003
1171872027193593857
1167971721611137024
4849974461
27180377
1442856360
802283923925565440
367148713
1474674378
757400969613279232
813890744738054150
1237135205963530241
824147982
2386657289
623869991
21102659
2798125127
1210024008
2314338378
766023410682105856
779407245432000512
956432467
1625718872
2611085402
2574581849
631570526
3351740523
335773808
887226488
293765242
2511110265
728681653904805890
758005443344076800
813187831174664192
753678813951823872
802391487585587200
784373757599158273
743108356357885955
708442447269990404
98697370
423035033
812776661515112453
759611201760309248
2888564920
1551859916
285376730
467927259
825524474
952753245885292544
130744576
1335623982
949862392443351040
2198274359
1216430291067252737
3215556960
3421208953
1161298302
3108274573
1049160357279715328
104333737
2749628853
2757165519
2181366230
4897014238
1100914205673357312
144638444
1032364319479136256
1334084072
175309316
1232994853
2612625967
73269811
2717975114
213615178
176620108
1437303378
521437789
1700790888
969409147
582320762
340984454
2461434520
538575523
1493467825
165184196
737325909594808320
1956610765
866812639
436208358
1160918347694952448
731011017728090112
718445635645497344
1220783008489168898
701985066386219009
3276931891
1001329615183331328
305333060
52691780
1078133587
333629699
3102442427
1142517342590648320
536740809
4848452554
2963899338
3166634956
539100110
242877392
1371276241
3312780241
801506262
1025983389688422400
965248033
1611301926
490767399
1912570946
626656352
1170932844
306840694
1101889193012269056
436864138
4082500754
303891614
2747794597
735516080563707905
203687097
255329472
2362115269
197592267
454427854
1700758748
269583621
896803621714526208
390366471
29558030
2211415323
29590850
1861977414
1663305031
3316221313
431883666
504759711
840140191
883887570052055041
592315812
1330873765
1206048352619515904
1031021941820280832
437978566
2314831320
633210431
897257386938912768
732005965
2293597776
169248342
2935785068
3063678602
339379857
168593045
1067170659455758336
245532323
1532757679
453609170
376866528
893441236023091200
1126291612638879744
3846047476
93718271
1035354692857946112
1118479315413295104
728790332662407168
729847909659762688
602900233
724066201844899841
364939041
1168627117455810562
1604978468
542246714
265652034
4698179418
23103380
546408357
16648107
232458169
1594296254
1327433670
2831452132
47417317
83920876
2851309549
32933890
4042262537
569640973
549521423
2779514900
2319910950
933630342
2335443002
1049102103522631680
232032323
182749253
2705557597
3941927013
578390128
771750623679287296
791679161547034624
744664042665611264
820170315795992577
709817461017874434
2314504332
971180184
420055195
35129508
584911017
301729973
797608122
1002002397219184640
47745224
1165625692295454721
2251196648
3076720879
259524865
3079768322
1726941450
2277017875
2337442070
2468546856
3877407021
2500462913
15993195
42994048
2942667149
1038780830
502106528
806657601790443520
2170292687
763530392758472704
1211294188827922432
322963943
505711082
1192200692
441256467
1506773538
34671152
270043720
2412513866
2996472409
855546823280381952
587663975
2919205496
3187575419
608504502
952392711394357248
3314617034
319785674
2310933217
560630512
25430780
3845556988
2816183037
781631616653287424
857427082241990656
825454622898741248
881747519461482497
847686120179589121
147983114
883398836974084098
69143318
193694491
26381099
151194434
827222224071487488
4320136032
3300625251
411110253
612141934
2198342514
2877393780
859016052
11471742
4100557697
23006098
28150695
2341243934
231050297
511315008
1065345610147074049
1056552253321023489
1959758935
1017728382052831232
1044441504989810688
36211843
774640627199782912
920762153140981765
929474998129102853
2641071267
60198047
4128705694
1526303936
3403549929
1928105216
620694828
965735290630373376
2148273480
2204044616
1002648287596380160
407342417
32312682
154668407
2831486331
1535544703
935660948
451939733
129338800
39751101
2253557205
2186022364
2463698441
346779779
157748757
3032092213
2342489655
3234729554
614731364
3194982004
945764580134998017
46010005
2759790229
343576264
2422640329
46829256
115281618
636686055
936163202991251456
906952933043986432
1066865219887030272
820711195
412421953
608472904
1102220325268451328
3266908004
503648101
745348298219864064
1387466726
305205227
754793068180738048
781357631436951552
780958315333423104
715707334387961859
221909002
922390561
92016681
966856747
733745204
2576126013
1309184065
560828488
777271466849144832
1285558356
35983468
2325024892
238850180
2269319324
1052184745
411930807
757962
3359641819
934124387749584896
1047000789066178560
1138829990039117824
1093891306215170049
2832437536
65278254
970009101861302273
2542014815
286789996
258838895
3188298098
90640769
769705481652678657
38244754
732023117875269632
429855167
467898827
285118935
939325567496806400
3403682279
1831768580
2611024388
274960961
385815126
1480987260
1924895360
119476877
2260538022
2311033514
419795649
39850722
3402273527
302813944
774799607872249856
726647361267720192
767576059764170752
381293323
35722001
765684522474168325
2309526308
413209393
874771682723938304
1319408456
825987930
2211058534
2269090663
314119033
1181584600671371264
2710541238
1202785462798172160
250876863
2466157510
1057414910542528513
1049133808493182977
3429372886
1312297962
1745261570
966988807
2623214633
2364871735
3217331289
1145530497608683520
463311985
320607360
21140621
2423723158
2329318554
2330825898
371070123
119280814
3350795447
839526097997946881
834446332626546689
144643330
92771588
121574671
377787681
4247491894
630429021
994284902
3798668653
797192981656678400
772308015382835200
715641120055668736
751548586949738496
786377992163340288
780085996062814208
760615351402934273
284267911
775803070496157700
393155992
76223896
3226801565
763348719550988289
772824990974607361
2869695990
215324151
3319272973
2454066704
1312101919
1426298407
955541762415710208
412620353
2790790736
1064179250960453633
1909331581
710121103
2382993043
3300103866
2863863521
18257645
889082621376045056
901148253185613824
1196958298160947200
1115213046287360001
916825570436112386
1197868326623567874
718861581363372036
2384205592
940311151195381767
60692267
26777423
355833682
47552374
1107105686
720657205918175233
369530796
41260978
845879240
1192269774
2267715568
975607795
42637316
323590218
241211468
633084011
4191328372
150116475
4848326781
380115111
3185154235
915393647327240192
230401413
717900939563237376
401742039
501094630
2418415855
4422113520
3311507698
3308165370
2886539550
747196922612449280
314972454
513808689
570399038
2293111124
793620838125744128
995957142
2634750393
928651734
26352093
3057457654
3182008824
2195003941
906271297
1297193550
3193739887
4852259447
997464696
914283980081549314
718838432
733715113
2197199532
2281511611
133012162
1470503624
760544
1078426070985011201
1142065204030824449
622140167
881580955126947841
850549035840790530
567253775
884587065555509250
446700314
4765457185
1428265766
1177164600
3408829246
343776062
900602720
746658666
1403067247
911350657
243899266
2787548038
189963178
4319484859
248945610
2891717628
2263653391
972339206021353472
226040874
940399144820183040
1855888435
616700986
1511726143
910713181273755649
28122192
424615013
1355848807
326605945
369269894
792815737953857537
2332204208
3818134709
234233045
2710805721
3223624928
833527014
2568363245
873653575733436417
1160032124189237249
1205909759637020673
613850410
85368107
1414208820
87825722
3246136639
1208654713316507648
465313107
614571390
1072416296069869568
1134155757308456960
521805187
178986388
840310177
33529261
2419760575
2322046402
2760023526
2936380914
405249525
423960061
1683168769
623746678
2482871928
2463899305
235019980
606871271
250912492
1854381817
1074684205488136192
1102913692944031744
991739907411533825
1161823871106015233
321593096
843185616695320578
925255174976954370
964163135186919428
42639127
1134189334855409667
2451283737
87858986
2751373150
236691296
966806978839408640
714350443
322117500
4759363452
201465729
2168856454
348495752
30089108
4205289383
88776641
355082192
909352915
2346360822
872198525911572480
775140918663847937
756170554919354369
20848659
99754004
461742114
520200260
226369606
404988012
363700349
2466750614
280273063
2688753848
2711822531
225288389
1554260166
490119369
49389771
461250775
249995501
475537653
157425913
615457057
740372560727158784
1124894677021405184
110502192
1010995884182724610
3176931648
874469827108319233
538452311
2310840663
179937627
1687265628
65937755
1204076852635152386
28025200
827718870039408641
828312937349656576
726796848573329410
359244173
363078045
976036254
70263228
3858014668
30777831
435462635
883410419142066176
824068111687188480
76554750
2998575633
1602494996
363242029
766976574
2193498720
341287523
1102291566
2567905923
2502894219
1055826602
713466541
23667387
3022070485
182231773
1183949539
1336910563
25010945
2214765318
841621095664893952
2526192495
276767606
541500279
557261711
1387340700
998384564
844077697349369856
4711457729
3284706276
302883818
180134912
745738371658448896
730896178364055552
748254218973118464
923083789
2349474829
2614830112
558965794
1113661721103589376
518628392
705963054
2908103732
1128604724
366421057
54764612
2267554885
3979682895
205333610
2377688174
842623474845847552
953080348111507456
1238662217479983105
975414408
618210476
1646863542
217949404
221488354
3377243387
493724927
566830343
760043218524176384
705115550649679872
1641882896
1202201929
886351330167619584
1366173007
135538003
603137402
974757539324801025
1222354640127307778
961403108353028098
1143349375474774019
911646051794333699
752437955998908417
1102724142296641543
972924325
944580012
29238728
79804418
95528404
3108447711
520562149
213722597
1594730030
2413241904
2223515185
227157554
1112879065432772608
1326163519
935768693652508673
2213226071
3066996312
401548896
39233123
1263314533
3437405800
949904516903706624
503719547
4402521732
1368204942
3603998356
752497879604817920
17311394
371435231
390244078
912129454813716480
1332881168
113518355
65087254
2954110753
205989674
147007281
2814682949
269068108
319891291
3043731292
542549853
3255183198
551397216
398403426
415213424
2579965812
1131977911219523584
42477465
1279174560
1058547619
636233658
2783291361
2878154727
295413740
717866256834035712
2798495754
57223186
378972191
478718011
599664703
816654414
69740635
3180603528
228337836
2839390387
4358482099
995705487223087104
3317344448
461711555
3496978632
1022929104
1035770360204025857
2973706475
594880775
3190204699
1586735394
470755619
1242573110
25733465
550381926
389753193
854555383914016769
3256101266
524822942
2892868001
403567108
802619229606412288
101427629
818512233273655297
1432005061
962505200
765607813343092736
63220277
534915645
122563155
945559070290956288
864191974584307713
2453514877
975153794
883698312
2773428879
2878876313
2970659489
623192754
2414947004
3298405055
3239659139
1015070955826114561
627649246
1228974864
1575201559
423930648
822838080486993920
713845811159953408
4348160839
60762956
538651475
1866050389
177318783
74099593
284175243
2737744809
887925678
610347953
2350787508
854043590
26946525
3060575200
3292310501
219786223
3000183799
3518147597
1466084376
1091531294943645696
925496612926951424
770423308433055744
2197367926
87043200
772932906503122944
2681777301
1102884030
42970303
871869632
2301734089
904566576678133760
1202367722
588754165
854041862314876929
963259657
727690353118162944
1157115175
974831986677186560
730900825929744384
406728009
503459169
3311938930
855454374981775361
1028372558649995266
753380749
862064084098985990
15871416
2258415037
3215338943
566898139
28650983
2803805677
1023454734
719400464
617852440
305311277
110636590
3667897936
2379460177
387952238
1235402376644907008
262975104
285388417
72298139
950405416323895298
1090333398898483200
1194717116634669056
246525631
280702662
1061681585194442753
857652814146883584
3468046042
421211889
2713759477
63254273
1278160650
4746522379
444903192
743452494
3567333202
977872345384841216
3037114248
39661451
1700736925
1265971106
2198581167
314552241
2328735674
4820250561
1367715793
2205069269
2344169434
493760481
2726539234
903622638
1899016178
794372359968829440
853413922820501504
983508953127628800
900217293128511492
1118030333805506565
880978592888389634
272674848
751915544450895872
944812128
220246135
387887234
3419385994
2427891867
768864928459436032
3654365365
2924458171
42283211
63287501
1069691113
2721001727
793194769
2286235922
1108595179844526081
399520029
2863903013
2764058938
3519525195
1030295012934856705
1168986917821657089
1004186598399979521
2466918738
317436254
4273549692
31109505
1401139591
75280786
2364584341
936096169
1551905226
1576677846
1067233753
1152299486
88060423
489697803
2321199626
357937695
1261482530
2732896821
1197093444
591409746
371339865
2292134497
3892163173
2850861672
19051113
153465467
1170807809547456512
73740931
701882604283252737
722900442108153857
1081709764214542338
1112084515562893312
3380458162
8663732
170046183
2251043563
74298091
456012533
4159976189
1563603726
3659903775
574206771
855272349947445248
146551647
3237458784
283128675
289387386
251507588
378090376
106967964
24818602
726128300045811712
1027215863399759872
1504981945
4869469119
15021039
793960178991398912
768313463122853888
839810080312819712
203404300
2745021460
813432962670821380
770133758670438404
3240047646
2526721055
190886946
4057478189
238203950
348435527
1387246692
926397542
845843385122525184
1206960620182147072
1305392240
1190450403206467585
1589415937
576599222
758201989209600000
2430842078
1018589716180971521
854668543
756825943084105728
1941976351
854209844
20919631
56767831
35403110
534918515
1016166784540475392
771378933510045696
896069507004891136
2945955210
940147565013630976
2159261081
1036702156173135872
2868557254
729658824
571160013
160413184
437174272
1037485271095365632
1070683324425883648
966221366746861568
334706258
889405554501799937
25835111
1909536378
334804627
2333947544
360973442
51197640
2453583565
970438364
1141123979245232128
39597845
623392538
492768395
3063559976
236992367
2784638851
157530006
35207064
231258009
381925289
465778602
2756261830
575846362
1850095591
2997598200
739483187563397120
825782548693450752
829190939273003009
1880176644
714684429
63027213
1928837137
333101106
953825336
447592508
585709639
23967833
4686067831
2480388224
3144988817
19216545
2806364327
2205399213
581482671
49100976
203700407
950465996174843904
722925221741780992
1061722347772764160
949359801141747712
946780362
2593831124
3311581403
318421214
3864246502
1004115033159294978
3028203763
22034700
2965190950
178436401
4875336014
705640795
1674295656
862044721899876352
2527017345
238369190
2906143148
200686006
40516023
35535298
113392071
4704647642
390511097
423770636
1137388856947253248
76757520
159726146
3487513162
1014864350002237440
1135988574384508928
1013585730520698880
22297181
972927004189347840
303512168
2381298288
821917297178791937
1473723001
228145785
1205975385474682880
1646049930
1148550340528132098
788803703566376961
2902997671
823322737473101825
261962415
170113726
2792798912
986862746984574976
53754569
169327344
264059676
177322786
768621348
3221863202
3090922290
4827298619
786049834528731136
702663775661518848
3183754080
720747373
2769599379
1326168996
833815401251246080
307608499
749616061
441367491
360823749
280804306
1651948514
1865169894
1070437637792694272
770283083237130241
1096172620674990082
1029221684795113473
3114417187
4043226149
1082473959466110976
1065673984501518336
360037424
213171254
918511786772566017
294763592
2527575142
725564528
1094302837
3420699771
18300031
188071044
711484987778805760
2584624291
300039346
361315527
790529802709196800
2327461117
1196176536501706754
1849113878
3310796065
143670578
1016852609829765120
1292363270
347454814
2616442227
505101685
2745318851
3147709898
1892597234
1084079611
766492164
4870946308
355614224
3476110873
384450096
201408052
2156084799
4756225602
19906119
3374956121
1103856077672796160
887423335411339264
280706702
112213648
1215749732884197376
946454245
1051967209
285884145
464404243
763215638
143834903
1376960281
228605742
1716764478
2226372448
921917760866840576
1094402781333647360
27705199
4761370513
38387611
3390095285
2977054683
453099492
59654118
26492903
3091283955
1723252734
1237686079488049153
1136734166610001926
2559066117
729457136963600388
1238888059661402127
819247397230493705
4486578197
1940340770
715472951
2763538509
2371338319
613007444
339132508
880427113
25253770
601276543
205799575
2519515303
2292990139
3861659837
2841362652
142164191
399327455
1455997164
1147060471
777744934375792640
785034023395401729
2216280325
787336562656681986
1029041063993008129
927726075962187777
2746597671
2452111663
60039177
1145824935278981120
2844213575
94454087
1023310782522695681
2995962195
348242295
2977546628
258195860
699477932704550912
733105135442743296
263831996
307118550
1297301990
71975412
2709766654
1061019258661076993
38453765
922337803
2804269591
421249567
3330589229
2226995761
2751054380
61391413
3894198855
400048736
2772255360
3391406722
742689161249968128
725684321953140737
1500398221
428655255
23970456
1518453404
2570404516
3152986790
1023995696381341696
126829238
42255039
16073416
4737123026
1240384236
599638776
4019798778
2444673806
1969636146
3297919794
166708021
436388671
3241460554
567657292
15221594
3253224289
2357379948
2906440580
100680583
3277276076
416039902
1459181
381240305
2594161723
1679213630
1137211466883502080
2217165938
1921893505
1006372610693894145
869797943792078849
244368525
3643819154
587220123
2296366256
2828551347
758269110
911656128
534234307
153896156
1703068892
34292958
1036076276
223364343
1020511512
375244059
1976747304
376620334
2778481968
2386543935
2347615560
116016482
2750924138
588531052
23348616
740017555
43402689
809846227
2974172636
46253544
3173041656
2249344528
37799460
1856128560
906708136442122240
945657048305422337
1018612920022913025
31114839
457229937
498321018
875111671919988736
1014364809108836353
972857367837724673
922181760175230982
3410380468
27150006
760653404674719744
3012773575
4569155293
902756522761101312
2177222385
3840329473
171099924
2352760597
709871406
384583478
583419713
24627028
68077437
2696660862
1942767486
452839306
2900608938
270092216
628508613
883541959
1105998331707342848
56018929
779392056376561664
1661093904
19679263
468568103
479053891
2772092995
90064972
14403686
35276905
88819849
1120487575
148261043
4731390141
946107483164172288
904486259896279040
28330192
957417789979025409
1385842921
2686208244
14010612
788220158
778031992591949824
802730381250207744
4357769476
706115936269443072
790068314722607106
361679115
804445380620394498
1615022388
2364426564
1137049651230781440
2264189318
2339522959
414206355
2432944542
398936491
796049989088739328
90032563
1151282577866723328
2338474449
346278359
126798301
2986592753
4775758350
1216858646
2845821468
351783454
3305654832
2177485367
40356422
2316421705
1052022484684460032
811062166606532608
880979015204556800
975489636620521472
819299064906993665
1156710881075613698
1208470116226256899
813775054135840770
406506135
829184766125756422
2799323821
2167327416
961289988695453696
90295025
2319108849
486984440
541051670
1730726683
107236132
423086883
4278602541
787073844
781111327221805056
27478872
322128734
2509163362
1005276025
1616497548
31312798
2293746603
27708353
553077708
393779974
2287717370
10308622
971854153466155008
287493162
983721572132360192
420564045
3257584729
1169063565019484162
3120024676
780858740685758465
575589524
588139682
391105748
3301067991
1201002134629736448
378424554
14732526
2935475449
2832289020
876574288677019648
966319624668160001
797330712
248892697
2716421415
39079215
241978674
2815118646
2204060983
37997881
414469445
498257234
2581351765
142822746
15224180
43994504
381111699
2778254741
2351844766
2782973344
2912144821
327404982
813595077960466432
410996173
2149633512
559304212
57822746
214912543
599903799
116936248
48877124
578965064
263966300
30789221
618450543
2416496239
844337136119828480
3131592320
1087227503893270528
941118204654637056
1097906827533209601
453201548
334286489
2156613274
915754675
15814337
1233499107051872257
1314803406
512511716
945377012
1257426679
611372802
48877351
2315800362
826363716
907038541
18304845
4741418833
2582171481
1016254298
1059581872701927424
954807891621539840
2828816244
818624255588003842
14569382
372363183
2902577085
1227640776
3244707800
22401007
2369671154
160354301
38195199
1027045764902440960
1229517460866355200
1098270043887030272
800931860587171840
973366439024447490
18337802
163500046
2784350226
1618038818
562352172
338120753
705085970077650944
2413154378
331403342
419778669
2427703445
410603710
72175835
2264715516
803233400773550080
817075060288659456
828706922329153537
751802042134437889
792841607737384965
2982793497
1027591756945285122
1153324298188271616
1024324852977676288
241291572
46715198
413290838
1346031961
400871814
336777607
1093226888
1159123339
4549792159
168284590
762859986
4220735957
2603340260
855955202700181504
602460655
821919910758678529
773736427259658241
2358301189
34394634
1561416229
1966133815
769408553719242752
259084901
3981333148
4890251945
22172330
1578848990
3307164383
354439904
2261996257
575689439
319181539
1007932136
2600850168
1945916208
318690106
3167474499
2722485115
1085044645086654464
1160949291319324672
227365771
2364068752
1177703342
1083186755686285312
1210727654061686784
908940222
497669066
3344946124
4025308109
1210719872319143937
31544280
2562300677
1151915006
540431383
704008673975099392
1786467402
633361501
431215716
1139661513902448640
888380001120391168
989942892
193778825
495572107
1584845984
278779041
2477446315
488035523
2798965957
146953428
34526422
1326732510
1112724727
43767034
1232190867080912896
1195353324238839809
709185941420810241
1203503888403439617
1082415977306955778
1090573580
2409878799
45765915
3227768101
196040009
1929074012
894489956
3222984039
1429067120
2852640126
1002219670911451136
2285524358
921868159749062656
1007194519652139008
1008875676621996033
1035949496
2910410172
330126803
434591186
3321419224
3149288942
2164151795
192599597
1127989202002563072
880990658726645761
1017865311478009857
703616605
1105057387
3248346745
774854269
2388285060
1237603453368561664
4195079843
245892228
177788602
1839388351
1489426111
4730771138
33740502
1067251671775027200
366827289
9951042
986830723
1041313893262356480
960430503642853376
1165045612821147649
249911202
1475598260
16471997
2799261640
18667465
1097320622684848128
2916669413
4858796031
2725632015
3260897299
318101556
346576986
32823424
265148546
421353606
1640880301
613046464
165173452
3031030011
810080510
712826953745768449
705151341845487617
744474914581848068
3141327179
1093261646
2595838286
420108622
3316832611
3344423284
1671944564
2861357434
259021191
557701516
2707118502
491575724
824308662395109377
37149182
614095375
388258322
3157580307
3306215966
2220546624
3281771082
2463849036
2290670171
1169099777075793920
718133869
3289307785
2620480139
950950562
807918253
1028720237049344000
1897847496
495213286
156654322
1033198338
341662504
175299377
1687083841
2267896649
1472289624
65461104
888999028658126848
830204537319288832
4852439977
782651164386955264
409656239
215309233
2170117054
1373592516
336616406
3539295195
3424541667
1703435239
2951928821
481745911
27089931
323017741
2815941686
1008849814266744833
746112803501674497
1413799021
3306249330
767724118598836225
2590727298
143514762
4872789136
948390792279633920
4166409375
192961738
1130424070863020032
1140276019787685888
1650842851
46783725
16440562
3071991030
1045417251158073344
847833029032779776
1024500176633962497
1032350070463766533
527883574
320855388
3634027874
18570600
249879925
1328242040
2194267521
2813812130
311188906
742230160951410688
1041161683
218160599
603053541
186703335
2855394802
499703287
3285048847
412737039
344251935
1386012198
2279726632
713383471
2316918325
3034078776
978465973031391232
937490110341435392
944437577096089600
931582630189060096
2878135955
1017242166710751234
1075636289427382272
1068987189923586048
4835303092
75652797
500195020
2199805665
1713430262
187064063
45375242
1187696262
21258040
19849036
1339055953
2883510108
776527718
325705571
105602929
1738137462
1099518211
3231702944
2617368498
940695474
3222790077
2534924234
1883693016
1227355626118012934
1175150272068214784
735858586274783236
2432720912
4330086439
277012535
1641767017
936054551194492928
49537170
759960805982908416
1087692986
3865665730
1382899915
613245135
206463196
306536687
278257917
345530622
3336265984
1167210280964841472
323019009
348217631
987816228
1021133472398749696
900882787
1137035404773863426
370434445
1959387548
125264288
52126126
739547874560593921
30728631
109142481
2216059349
878436764217737216
938885666095513600
810514988943032320
1690133029
4757840421
73261613
2591941171
200565301
719932193263394816
790627731067183104
36069970
184476275
2975687333
824042167
1168071741362585600
71426778
2389598939
275800799
2561270496
216064738
2891670244
2929025782
1591108381
2769380159
483812173
550757196
40166238
1699898208
2562974572
1117578102
2786157439
3118818177
1453188002
395240357
1094425668874584064
991257540
1134446114915139585
282125277
541221866
434398192
439772156
2736808983
700736536
244507679
16180301
985697339057868800
2870240365
931184548985147393
2205213832
752149663
479159480
1378477242
177759421
16639164
2360272106
2474960131
1452434744
2908349755
353494368
76703086
705979777
857709654247342081
2512774564
445998509
2575787450
1233211897777881090
234546642
1042703826
1289676246
9659862
1283712488
2598036971
713713132
25454074
47015432
1129924095531859969
875567025627643906
1013979979145592834
2911987222
1370547740
2658657839
3864192569
2205181514
459728477
909174366
891744999410421762
1618994802
2587289223
582575760
33023649
2571921080
2356635356
45475554
909205095786717184
46032645
250373906
599615257
4675495777
782362003943911424
769058871457542145
306014101
369774851
375678880
1249961894
389900206
254404573
17655773
970876902
262301675
716892161
41609220
742473093537468416
1446504468
215017492
226486307
100558884
2465458218
251258967
1700030556
792094824
35514511
2222516369
2752178325
522578077
217868452
2255284392
322660527
1071974224200392704
4535609558
1115315431043162113
3007473883
4698859753
772073720
2326915329
246016288
1539991842
311060787
3188222264
26634555
2380163387
860612972
3299633520
2825251193
54618496
3017140628
54651286
1109427671073779712
3207555503
184281537
565569986
2346019267
626518477
40266197
3230198256
185690613
922866512435691520
800805955822764034
784389845535694848
979567917988659208
1276668487
1047635642744786944
1197407693121736704
3982879348
46983804
448424586
1338206874
2374953627
1187729414
2150034120
1126001430
973007641
342485780
4533250873
729934674
3239635801
2661772121
56781675
2674551667
1076501013123788800
1062340154055159809
869900073974591489
1091755160983007233
1083419083943669763
1587538836
264367016
2397072302
608267183
258042809
62090198
3305532376
2898226143
570616824
2881383421
1647340544
239922187
39840787
3209686073
1118346498507444225
2396286024
322956366
2276617308
952775484147929090
282750056
114617454
311487657
74869968
179170523
359230683
1226840674768740352
766182184050974720
1904438503
1148336120608022529
1382673661
314010880
1281715459
2227793156
1620700478
211414359
4780551522
325086564
383446388
1319464328
977431957
233958811
291433890
3152178620
311782909
910663277025280000
986412536898633728
18148868
119270917
865647665840766978
3331157534
322629157
1409445415
281865821
33648232
2239295081
1949920886
932361144857251840
618786438
2477420173
143847075
1511288485
4115033773
2797956781
2585915061
772566715
1002663630
82112207
2212851492
1849650997
1654484796
3145527102
242085700
2434428751
3259428704
1004883857911541760
815379551484342272
955947572845309952
4476727157
2969005942
312242043
17559432
2262364057
394325917
394817455
3398070192
235827123
1021210567
1224191612399517696
2355457998
6221802
773616384987262976
718223392583872513
832700324213321729
830908240263278593
790971815124430849
1124371013930610689
916738059726712837
3142840346
378957857
1199206453
769412257885392896
1160058506373763072
715388792752836608
1157404277142196224
760435897372250112
126775429
1144488923550191622
1104310442
712786687215054848
420835521
1011941
198570224
1040651574572474368
3302912279
3476418859
1003746648206520320
914168546464280576
1084593084724326400
342552898
278098244
1077962248897867777
312144210
381808984
940663502619979778
939958358311874563
2510549375
353988995
1476620684
28242331
3130290599
3273585078
1669591502
28832210
2712596959
2733339115
586543611
834874219758501888
802284627222216704
714983328361889792
833596520045887489
824106174865883138
1911681552
632189467
1968501277
1571811888
332034625
92598850
780620691179642880
41415254
14840429
2565960338
2391405246
450294481
928019154
1075114718
3354227428
300446482
2237920038
32699181
513536818
1904309071
1110635370
1389622123
25752428
469922676
32895864
4176081809
575828903
2195354538
1099525726049583104
1024056766995283968
193524670
2722689994
635728851
312439780
506852330
343733253
238777351
3087430670
46756894
2200302636
3281253433
858649663
1038840901
419853415
909027699754242048
705203759383613440
730840934976360448
709764406184284160
778418153869053952
712654479057784833
739605967755579393
2889708705
97449165
2317972704
2772956386
238449904
700798840908021760
402355464
598045975
3831985453
1072887085
552400193
2183525702
384660836
3021796735
3975574939
459732394
612824492
584906156
3301111226
3876550131
1110180001519943680
713092147570982912
713437737643327489
1106981844883521537
16053773
971420922723880960
3307206206
2700768836
924153414
2214884941
1065056234317991937
318600791
291370596
786278185424003072
1188296316
125466246
422213301
541095614
122484416
2319152835
42432199
114128586
1031172372425056256
720697076
870506497
2808248077
592246544
53540627
169009158
1594423092
541226822
604206936
1138194265
768538460
505083763
620656518
923596680
1099593613
3237312452
1615820744
1103372318653497344
992212951
3236952023
330069989
559978251
737651390651174912
2507569255
2521757811
22476919
747885010770792448
727683717913710592
798524465659318272
1228929163
1075509386
2764470411
736599240374292483
769128614
636287156
941103811883622400
933198701304143872
2517858509
27457766
450263275
147847403
1134917868
1092578278504771584
3078912298
30079289
1167227228
107936096
2671376772
2830629260
4777539989
766149797787107328
751439446919249920
798651301206851584
582908351
1238268354
2415229380
762654470421512193
1262418378
783579602
1231224010341437440
781195991198289920
1083921822310154240
1098716487135739904
1078548091773599745
1077388807052410886
42859068
949942856
929715861623099392
4866931293
1562147425
2347301485
64113
777353864
291535502
701115392920526848
710408855
714593293460447233
2745858744
729184969
585398989
3001776905
2202336023
99089177
1057131399013167104
3398728499
704809824471674880
824330884664979456
771748168539238400
281869157
24279910
3307502439
2841934699
350255992
1100020614
2409692071
353336242
79330243
322436036
245438210
2561833973
292256767
1241480192
595229697
1619131406
132938788
1175446305260343296
897648727393009664
1053981805
702531648840019968
56425624
164920473
424770720
429522083
19823784
4581653727
1705999584
2482830572
2495085817
948731132
316878212
1645673731
215481634
979102812
423722290
3118759236
704814747191934976
1111783839943163904
369818955
45514068
891682141
841795922212225025
394755433
46202219
2496134529
1542421914
3030252956
2226388383
2163539389
1603698156
414514698
3272277518
1244528148
3359342110
949042917607464960
183402027
4163960367
839544799455649792
26181185
423689793
2794782282
1723629180
997177068529111040
3296296580
355237510
756121224
28114572
849641107
969604759
3320086170
1562083022
901709580
496303889
2803597104
771587922
161546081
875811642235383808
39092072
3666411433
2375810989
1110638514
23560165
898203625
232456184
